1.862379765919999045e+03 -3.392376748514911410e-03
1.862400199520001479e+03 -1.438990315423614545e-04
1.862420633219997399e+03 -1.103953578819003977e-03
1.862441066719999071e+03 -9.731340754134701300e-04
1.862461500320001505e+03 -6.113318989186985975e-04
1.862481934019997425e+03 -2.731530230400618206e-04
1.862502367519999098e+03 -2.617961592353187906e-04
1.862522801220002293e+03 -1.461932131986401397e-04
1.862543234819997451e+03 -3.832472020468618516e-04
1.862563668319999124e+03 -5.908015736379545850e-04
1.862584102020002319e+03 -7.361553705676555015e-04
1.862604535619997478e+03 -8.993516038559292922e-04
1.862645402820002346e+03 -2.124587157554863950e-03
1.862665836419997504e+03 -2.005349971057987513e-03
1.862686269919999177e+03 -1.151901951390621980e-03
1.862706703620002372e+03 -7.245222184251483158e-04
1.862727137219997530e+03 -7.985002814423922341e-04
1.862747570920000726e+03 -2.515360194994566406e-04
1.862768004420002399e+03 1.995068269175097645e-04
1.862788438019997557e+03 8.815795393667095092e-05
1.862808871720000752e+03 -1.113715520771868105e-04
1.862829305220002425e+03 -1.247770055569106325e-04
1.862849738819997583e+03 -3.285630301837208977e-04
1.862870172520000779e+03 -3.870619968958557543e-04
1.862890606120003213e+03 -3.954715111931337169e-04
1.862911039619997609e+03 -6.148783102240875384e-04
1.862931473320000805e+03 -5.316111156679655244e-04
1.862951906920003239e+03 -1.516128996301761519e-04
1.862992774120000831e+03 2.654442994077195798e-04
1.863013207719995989e+03 -2.985838758535273429e-04
1.863033641319998424e+03 -7.505981861072343313e-04
1.863054074920000858e+03 -6.270022069439882976e-04
1.863074508420002530e+03 -8.184792388390353494e-05
1.863094942119998450e+03 2.759657559499077381e-04
1.863115375720000884e+03 1.519032009358329942e-04
1.863135809419996804e+03 -8.370240243950834613e-05
1.863156242919998476e+03 -7.561190096952013226e-05
1.863176676520000910e+03 -3.300204714221930454e-04
1.863197110219996830e+03 -5.337872632096252960e-04
1.863217543719998503e+03 1.050740913813778918e-04
1.863237977320000937e+03 -3.652045630536673252e-04
1.863258411019996856e+03 2.544083776176826956e-04
1.863278844519998529e+03 2.035081283292091065e-04
1.863299278120000963e+03 2.800104393300634556e-04
1.863319711819996883e+03 3.773196125040089756e-04
1.863340145319998555e+03 1.918095273636848726e-04
1.863360579020001751e+03 -1.085960316559973510e-04
1.863381012619996909e+03 6.400089607688225343e-04
1.863401446119998582e+03 4.087748526039342717e-04
1.863421879820001777e+03 5.068871883580763427e-04
1.863442313419996935e+03 1.396734134205413608e-04
1.863462747019999370e+03 2.593487161749298098e-04
1.863483180620001804e+03 -9.179542485611251468e-05
1.863503614219996962e+03 -2.811536185260069117e-04
1.863524047819999396e+03 -1.942371315938417979e-04
1.863544481520002591e+03 -2.515433067880718486e-04
1.863564915019996988e+03 -7.765158001254979497e-05
1.863585348720000184e+03 4.071670629345429393e-04
1.863605782320002618e+03 3.851522458888521818e-04
1.863626215819997014e+03 8.035954245954794826e-04
1.863646649520000210e+03 7.534900251991986280e-04
1.863667083120002644e+03 1.868321385306159635e-04
1.863687516619997041e+03 5.142273268004514137e-04
1.863707950320000236e+03 3.185244367097964059e-05
1.863728383820001909e+03 -1.423303007490914034e-04
1.863748817419997067e+03 1.567671202979854252e-05
1.863769251120000263e+03 5.465016900569922512e-04
1.863789684620001935e+03 5.706026037228867018e-04
1.863810118319997855e+03 7.269203743862405823e-04
1.863830551920000289e+03 5.110884647319829683e-04
1.863850985420001962e+03 2.092386418386647275e-04
1.863891852720000315e+03 5.406637325077998969e-04
1.863912286320002750e+03 8.836194760097384462e-04
1.863932719919997908e+03 1.037407658118270773e-03
1.863953153520000342e+03 5.350241844539248368e-04
1.863973587120002776e+03 6.465165703644962757e-04
1.863994020719997934e+03 5.659333882675441100e-04
1.864014454320000368e+03 5.660024392296812918e-04
1.864034888020003564e+03 2.123353078656550535e-04
1.864055321619998722e+03 5.570159706003072718e-04
1.864075755120000395e+03 5.263056953274460352e-04
1.864096188819996314e+03 2.853570070296672931e-04
1.864116622419998748e+03 3.549456733138454446e-04
1.864137055920000421e+03 1.079740288297177133e-04
1.864157489620003616e+03 4.581751841027650526e-04
1.864177923219998775e+03 8.994966818193597148e-04
1.864218790419996367e+03 7.108425789928847190e-04
1.864239224019998801e+03 -9.359982161556707880e-04
1.864259657720001996e+03 -9.336399301040528009e-04
1.864280091220003669e+03 -2.740107797018797621e-04
1.864300524819998827e+03 -9.720187012006052327e-05
1.864320958420001261e+03 8.774836309416423306e-04
1.864341392019996420e+03 1.010585150480140977e-03
1.864361825619998854e+03 1.224676927861664951e-03
1.864382259220001288e+03 1.467516686825191211e-03
1.864402692820003722e+03 8.706609101515382174e-04
1.864423126519999641e+03 7.930034641459334085e-04
1.864443560020001314e+03 7.369957403598394619e-04
1.864463993619996472e+03 7.312762534776432767e-04
1.864484427319999668e+03 4.147444837107643533e-04
1.864504860820001340e+03 3.167674713593204155e-04
1.864525294420003775e+03 3.798642135525409874e-04
1.864545728119999694e+03 6.778113354137524967e-04
1.864566161620001367e+03 6.794279691067133062e-04
1.864586595219996525e+03 1.174703112604501276e-03
1.864607028919999721e+03 1.081732366094861637e-03
1.864627462520002155e+03 7.705381626402418513e-04
1.864647896119997313e+03 4.407373135421471799e-04
1.864668329719999747e+03 3.502076607491615514e-04
1.864688763320002181e+03 6.102414049479375690e-04
1.864709196919997339e+03 5.268401636710609614e-04
1.864729630519999773e+03 8.964843007390446879e-04
1.864750064120002207e+03 8.749887027124482811e-04
1.864770497819998127e+03 8.533204285067688818e-04
1.864790931319999800e+03 8.825097421984900211e-04
1.864811364920002234e+03 7.317271094470292891e-04
1.864831798619998153e+03 6.697279097707196493e-04
1.864852232119999826e+03 1.581278909819087020e-03
1.864872665820003022e+03 8.983353424870669157e-04
1.864893099419998180e+03 6.323023797122313350e-04
1.864913532919999852e+03 6.062717538124471651e-04
1.864933966620003048e+03 7.048832317356537851e-04
1.864954400219998206e+03 5.698372978841623367e-04
1.864974833719999879e+03 6.992462981987865658e-04
1.864995267420003074e+03 1.053831905738342699e-03
1.865015701019998232e+03 1.061364980145161402e-03
1.865036134620000666e+03 6.810641981020843210e-04
1.865056568220003101e+03 8.849882332985972017e-04
1.865077001819998259e+03 6.717526358819734481e-04
1.865097435420000693e+03 6.629525986168897456e-04
1.865117869020003127e+03 3.691581736166034801e-04
1.865138302619998285e+03 6.709543996201053177e-04
1.865158736220000719e+03 9.090981438027086756e-04
1.865179169820003153e+03 9.677498856029225459e-04
1.865199603419998311e+03 -6.964109842620466034e-03
1.865220037020000746e+03 -1.298186449579586711e-02
1.865240470620003180e+03 -1.446286048552929138e-02
1.865260904319999099e+03 -1.486851017406817625e-02
1.865281337920001533e+03 -1.476405492782661456e-02
1.865301771420003206e+03 -1.254210999760173133e-02
1.865322205119999126e+03 -2.170005906987544121e-03
1.865342638720001560e+03 3.225586430696010662e-04
1.865363072220003232e+03 5.325901054238000015e-04
1.865383505919999152e+03 8.288925804715487761e-04
1.865403939520001586e+03 5.205689038902005421e-04
1.865424373019995983e+03 6.592443514384378322e-04
1.865444806719999178e+03 4.944910967919315722e-04
1.865465240320001612e+03 1.027925855215175432e-03
1.865485674019997532e+03 2.362382127464080525e-04
1.865506107519999205e+03 4.903104305682803431e-04
1.865526541120001639e+03 1.709257021082713913e-04
1.865546974819997558e+03 8.288824668842578952e-04
1.865567408319999231e+03 3.460879494519331664e-04
1.865587841920001665e+03 7.637467085668658145e-04
1.865608275619997585e+03 4.683886625944665193e-04
1.865628709119999257e+03 6.077606786408775927e-04
1.865649142820002453e+03 3.956336096423199687e-04
1.865669576419997611e+03 3.922503383024026052e-04
1.865690009919999284e+03 -1.117284742119294474e-05
1.865710443620002479e+03 9.825184085342020604e-04
1.865730877119996876e+03 6.351024930546663415e-04
1.865751310719999310e+03 3.560805231022142608e-04
1.865771744420002506e+03 6.243929680971687084e-04
1.865792178019997664e+03 1.226454705816393590e-04
1.865812611519999336e+03 1.608261552126811491e-04
1.865853478819997690e+03 -1.008211279539601712e-03
1.865873912420000124e+03 -3.677686602475676442e-04
1.865894346020002558e+03 -9.431412160367143305e-05
1.865914779619997717e+03 1.458228805693198137e-04
1.865935213320000912e+03 3.451574039217778769e-04
1.865955646820002585e+03 4.365421835918730908e-04
1.865976080419997743e+03 5.155844216556037998e-04
1.865996514120000938e+03 8.469239999320359036e-04
1.866016947620002611e+03 5.794964748953567455e-04
1.866037381219997769e+03 2.598002060908680849e-04
1.866057814920000965e+03 2.831488644796167366e-04
1.866078248420002637e+03 4.749049317260986775e-05
1.866098682119998557e+03 -4.306623757297512985e-04
1.866119115720000991e+03 -3.214264864755214690e-04
1.866139549220002664e+03 -2.234267127783792458e-04
1.866159982919998583e+03 1.043469470174158552e-04
1.866180416520001017e+03 -9.401052343431999276e-05
1.866200850020002690e+03 -3.704178882771571799e-04
1.866221283719998610e+03 -1.208674600379638659e-04
1.866241717320001044e+03 -3.030033614460022912e-04
1.866262150919996202e+03 -1.299031838898893790e-04
1.866282584519998636e+03 3.820181156526614120e-04
1.866303018120001070e+03 1.715198556145286859e-05
1.866323451819996990e+03 -2.046319631911004862e-04
1.866343885319998662e+03 -4.069947440264552871e-04
1.866364318920001097e+03 -4.894800381302255761e-04
1.866384752519996255e+03 -1.303272312348861795e-04
1.866405186119998689e+03 -7.134492816857459152e-05
1.866425619720001123e+03 4.686616065686732098e-05
1.866446053320003557e+03 9.918681590678031165e-06
1.866466486919998715e+03 -7.513045411879357757e-04
1.866486920620001911e+03 -7.770593079586764380e-04
1.866507354219997069e+03 -9.399054696277943290e-04
1.866527787719998742e+03 -4.125662195363828406e-04
1.866548221420001937e+03 -2.691978347655305079e-04
1.866568655019997095e+03 -3.262923180962847176e-04
1.866589088519998768e+03 -4.223410293456006165e-04
1.866609522220001963e+03 -9.387532050602209353e-04
1.866629955819997122e+03 -6.207790402602449131e-04
1.866650389319998794e+03 -4.574081707960861725e-04
1.866670823020001990e+03 -3.798467014018353568e-04
1.866691256619997148e+03 2.111009586318493385e-04
1.866711690320000343e+03 -1.829068835712146070e-04
1.866732123820002016e+03 -5.980663805595567029e-04
1.866752557419997174e+03 -9.428337771070784655e-04
1.866772991120000370e+03 -7.191494273205179281e-04
1.866793424620002043e+03 -3.083552489651029396e-04
1.866813858219997201e+03 -5.956575262107003180e-04
1.866834291920000396e+03 -2.246924503153299431e-04
1.866854725420002069e+03 -6.660882660518008258e-04
1.866875159019997227e+03 -3.269910716089359038e-04
1.866895592720000423e+03 -3.716106712179352654e-04
1.866916026320002857e+03 -5.023211152848884239e-04
1.866936459919998015e+03 7.456138614082667704e-05
1.866956893520000449e+03 -7.826211966767348486e-04
1.866977327120002883e+03 -7.253952493591265442e-04
1.866997760719998041e+03 -5.596674168884631156e-04
1.867018194320000475e+03 -7.222493796820951203e-04
1.867038627820002148e+03 -2.508280199507477914e-04
1.867059061519998068e+03 -2.941055375102268835e-04
1.867079495120000502e+03 -3.083188683768797603e-04
1.867099928720002936e+03 -3.045809643987139239e-04
1.867120362319998094e+03 -2.959006556617091530e-04
1.867140795920000528e+03 -5.166811194769543262e-04
1.867161229620003724e+03 -4.944081216570973738e-04
1.867181663119998120e+03 -4.175354842809791620e-05
1.867202096720000554e+03 -6.970389800255983020e-04
1.867222530419996474e+03 -6.555728341655474994e-04
1.867242963919998147e+03 -4.181686980371390077e-04
1.867263397520000581e+03 -5.739709086457771454e-04
1.867283831220003776e+03 -3.206271495934300149e-04
1.867304264719998173e+03 4.518345636437188541e-04
1.867324698420001369e+03 -3.732244121483592404e-04
1.867345132019996527e+03 -4.858665007764719932e-04
1.867365565519998199e+03 -4.676237729590075284e-04
1.867385999220001395e+03 -2.619965055696201481e-04
1.867406432820003829e+03 -4.388541849828817920e-04
1.867426866319998226e+03 -1.575981140357308411e-05
1.867447300020001421e+03 -1.055247779743119941e-04
1.867467733619996579e+03 1.573121890898910441e-04
1.867488167219999013e+03 -2.106180650721220429e-04
1.867508600820001448e+03 -2.179642002580522899e-04
1.867529034420003882e+03 -4.617092852460381956e-04
1.867549468119999801e+03 3.595389325965032360e-04
1.867569901720002235e+03 -2.516902234770997246e-04
1.867590335219996632e+03 -6.965619964675623822e-06
1.867610768919999828e+03 3.653648128938648178e-05
1.867631202520002262e+03 -8.182842818727550233e-05
1.867651636020003934e+03 -2.154857919270131844e-04
1.867672069719999854e+03 5.030478349701825776e-04
1.867692503320002288e+03 -1.683868305477414997e-04
1.867712936919997446e+03 -7.339374786055640788e-05
1.867733370519999880e+03 2.152091746293308041e-04
1.867753804020001553e+03 3.801310663757642835e-04
1.867774237719997473e+03 5.030182215391794040e-04
1.867815104820001579e+03 3.418015046544697726e-04
1.867835538519997499e+03 3.198660269990605699e-05
1.867855972119999933e+03 6.123706482232004790e-05
1.867876405620001606e+03 -9.707159435257925765e-05
1.867896839319997525e+03 -3.054068634062153211e-05
1.867917272919999959e+03 2.786402841561759405e-04
1.867937706620003155e+03 2.351687615228734152e-04
1.867958140119997552e+03 7.800633399066907950e-04
1.867978573719999986e+03 6.608803440968267443e-04
1.867999007420003181e+03 5.994190590251375489e-04
1.868019440919997578e+03 4.439315202028400621e-04
1.868039874520000012e+03 1.132492684355714593e-03
1.868060308220003208e+03 9.308856159912265622e-04
1.868080741719997604e+03 1.066717059788132140e-03
1.868101175320000038e+03 1.153979009127471854e-03
1.868121609020003234e+03 9.116309301010841210e-04
1.868142042619998392e+03 8.636795309010889422e-04
1.868162476220000826e+03 7.092457890977172394e-04
1.868182909819995984e+03 9.499842922301534502e-04
1.868203343419998419e+03 4.952227906855748716e-04
1.868223777020000853e+03 7.424931243746022997e-04
1.868244210620003287e+03 6.975693694020449658e-04
1.868264644219998445e+03 1.091269134250804880e-03
1.868285077920001640e+03 1.672444606709047512e-03
1.868305511419996037e+03 1.377837926015330634e-03
1.868325945119999233e+03 1.349657805382678284e-03
1.868346378720001667e+03 1.178523514725540733e-03
1.868366812220003339e+03 8.378292369288805989e-04
1.868387245919999259e+03 9.565550911544589731e-04
1.868407679420000932e+03 1.077546930425360427e-03
1.868428113019996090e+03 9.871374709871589062e-04
1.868448546719999285e+03 9.481496558160429832e-04
1.868468980220000958e+03 1.208991053625626481e-03
1.868489413820003392e+03 1.632550054242358191e-03
1.868509847519999312e+03 1.677602544503257196e-03
1.868530281020000984e+03 2.224506745161173443e-03
1.868550714719996904e+03 1.552233387185693314e-03
1.868571148319999338e+03 1.471419977030534454e-03
1.868591581820001011e+03 1.618675175063608550e-03
1.868612015519996930e+03 -8.237252871375760205e-03
1.868632449119999364e+03 -1.279802716144849521e-02
1.868652882720001799e+03 -1.341283623251991915e-02
1.868673316319996957e+03 -1.374082400534390978e-02
1.868693749919999391e+03 -1.274980375755906808e-02
1.868714183620002586e+03 -9.921699542948032857e-03
1.868734617119996983e+03 8.236234311665606780e-04
1.868755050719999417e+03 2.065522717008767654e-03
1.868775484420002613e+03 3.060184628962882725e-03
1.868795918019997771e+03 2.586469743991465318e-03
1.868816351519999444e+03 2.670983600802737026e-03
1.868836785220002639e+03 2.258141512633946111e-03
1.868857218819997797e+03 2.132572916757599635e-03
1.868877652319999470e+03 1.732085553879652391e-03
1.868898086020002665e+03 1.742240899861150806e-03
1.868918519619997824e+03 1.937972479837065960e-03
1.868938953320001019e+03 1.880792530081468140e-03
1.868959386820002692e+03 2.109022469481406335e-03
1.868979820419997850e+03 2.327734917955271397e-03
1.869000254120001046e+03 2.312273659129311567e-03
1.869020687620002718e+03 -1.944120319134052220e-05
